4735
4844
1908
3761
2555
9336
14
7373
9707
3093
6867
8174
9800
7206
8624
7493
6238
8795
476
7320
9007
2916
8915
2628
6383
9419
9964
3571
5379
2228
9485
137
8149
6326
5741
2979
7286
5479
5532
619
9488
2815
3181
7550
3222
4645
6780
7467
7162
1107
9410
8425
5324
5637
7411
8897
7836
444
3159
6826
2038
6978
7933
5873
9402
997
6090
6619
9383
4641
673
1139
3993
2480
8539
2495
3655
607
1401
5302
4241
3273
3458
9028
3285
6138
982
7172
2666
4811
6808
5199
4520
4247
2686
3625
1399
7912
4151
2176
9287
9220
6026
1018
2951
94
4855
2678
4289
9551
1638
4834
568
5259
6424
7919
6584
6359
9264
7397
4356
7260
378
486
1594
7217
8743
2862
8633
645
1660
7610
6150
726
6374
6354
9060
5504
9110
7049
8047
9291
4122
6622
5207
7632
8989
424
9404
8611
3212
766
9468
9952
4562
3684
7716
5117
8063
7515
4936
4349
9472
1377
6712
828
3217
4252
1560
9065
8843
1069
6039
5261
4085
5015
3047
7239
4053
9086
2701
8445
9357
5916
4119
3145
7284
7943
5782
5397
7667
8636
3507
2644
3976
3607
6733
3848
8247
5429
1618
3164
700
4262
3040
4847
8361
7013
5309
1101
6588
8462
9416
4574
3889
8521
2894
9293
36
9306
3364
1863
1002
9335
1041
698
2594
5398
5729
2102
702
148
6062
1497
4691
8163
8054
4175
9701
5417
9874
5599
9622
1525
8898
4425
6281
8231
1124
1065
2841
5966
3391
2636
5926
328
6376
9423
518
2747
2777
2955
9039
6946
2208
4690
923
3190
5101
5668
2632
3730
6276
1209
8701
2412
9447
4369
8363
9420
974
951
4048
3400
5687
6437
9978
2210
8794
5951
7125
7904
533
1761
2634
1940
9041
4576
732
8859
9624
7544
381
2917
431
5650
601
4129
6391
6463
7549
4896
576
6981
9391
5528
9365
8660
9296
3210
6320
7141
2579
1086
5941
9137
9047
4293
7485
7070
3027
4491
2903
1128
3336
8937
7708
9200
8408
1175
9185
6817
2374
5526
8218
8350
8266
3883
9646
3811
548
5582
9451
1563
2020
8854
5182
9867
9209
720
6182
6507
2758
1273
8890
4165
3337
5195
9993
3473
6579
9010
1281
3964
82
4019
6740
4803
527
2914
2765
3148
3259
6236
712
4174
4081
640
9923
7636
1645
6272
3566
1687
3853
2121
6621
7701
422
2333
1241
6132
7329
9461
397
7776
7166
3188
7133
3160
1070
3255
7100
5074
8457
9013
7102
2624
9715
8377
9232
3841
9886
3518
5461
3710
2292
9916
8732
7360
6809
1360
3023
9173
841
7354
4631
7746
1293
4938
1608
5115
6812
9670
5326
5336
5409
615
6518
3794
9841
2941
3528
8839
2361
263
693
7213
7185
1398
5124
7371
6955
6936
9627
2430
5853
4463
5597
2047
4572
5025
8298
4429
7325
8279
1329
9283
6691
6629
5216
1483
2722
7605
755
1724
1022
5312
5800
9733
1046
6925
9564
5040
7811
6520
1284
6412
483
954
4432
6248
6999
4449
6187
248
83
867
7571
1430
8449
5031
6032
5209
3214
1023
5939
9500
6323
9606
4554
9853
9619
6969
1656
9838
1902
9055
2266
1988
8002
1613
2139
5162
5212
3043
8082
1146
1006
3109
2389
9127
5727
3563
5300
6496
4815
1468
7683
3184
2290
8880
9425
8670
7263
4377
2168
9654
7446
2042
7044
7034
6241
4724
8834
7786
164
1231
3997
3469
2191
460
3131
9411
8498
1182
8396
5775
1466
279
4521
1788
7689
1305
5346
924
3477
6996
2560
2324
4169
8571
1317
7443
9621
4221
6951
1804
815
5149
7596
4217
2614
5483
678
9308
3420
1515
1927
4673
9459
7483
6786
5134
5150
3390
9315
32
9827
8223
9152
9569
9743
1097
4411
2033
5098
4060
7186
9375
4397
400
4065
2607
293
8245
1117
2532
6666
5606
3654
3553
8240
280
5127
206
1789
9243
9502
1717
4858
9313
1328
8156
3581
8569
9072
512
2754
7931
2472
7623
9180
2216
7958
2851
4083
4499
1876
801
478
8852
2138
3555
4878
5505
1743
5953
3277
122
2640
501
5392
6628
663
8275
354
9741
7384
1490
539
1779
7506
3482
5755
6225
8314
9276
8867
8533
1593
5670
38
9648
5026
4210
8319
4567
9693
5561
3946
9725
6993
4711
9638
7850
8554
6403
9698
2673
1558
3670
1832
9694
3300
2379
5206
6398
7993
3719
8281
3944
1478
7442
1813
649
2150
5188
8045
941
9695
3171
3707
1725
6858
6814
9323
3738
8745
6510
716
7399
9154
377
1664
4341
5952
6711
2564
1758
4067
5362
7545
2731
2763
5056
1185
7992
20
1836
1144
7988
7233
4159
7946
5296
7787
4100
7167
7200
7999
1972
7952
2770
9719
6482
5460
5614
4179
4029
9279
3843
2490
3161
8797
1658
1674
341
1631
8526
647
4656
7450
8866
2801
7228
6699
3589
2206
5322
4284
992
1059
1760
9779
2383
1311
631
7081
851
4136
5154
6291
8401
2899
2708
9610
6878
2475
7685
4903
8817
9453
325
9178
9784
7289
4035
5500
7909
2662
9237
158
329
4391
4884
7940
2778
3408
8001
7782
9980
5562
5113
9260
2221
7433
1706
9718
6418
8366
8512
1075
3497
6803
8221
8351
842
9349
5019
6479
9161
3657
24
435
4883
8254
8519
4484
6758
6387
8966
8656
1771
7480
7148
9020
4730
2886
5881
7706
658
9738
6144
6630
3407
8995
6600
3293
4489
1583
7530
4153
8727
9380
8214
2627
8899
8459
4340
1148
6263
8364
1920
3746
3598
114
4613
7348
9056
6706
7184
8964
1327
2902
2233
7464
2065
7859
6216
5849
3258
7335
8041
6091
8093
9584
320
5355
7080
2740
3265
5970
3557
7370
5899
5496
4337
3569
2871
2932
8677
207
6481
9102
1050
6979
6034
5492
318
2787
9754
3378
5711
5301
4
9104
3234
1562
8902
9711
5762
8700
7496
6100
5358
6881
9343
4678
7092
6679
9864
5872
5264
4472
6899
4972
4982
8646
6308
4486
8065
2549
2446
3081
5171
7970
3874
8318
8632